00:00:00
1 2 3
4 5 6
7 8 9

00:00:01
1 2 3
4 5 6
7 8 9

00:00:02
1 2 3
4 5 6
7 8 9

00:00:00
1 2 3
4 5 6
7 8 9

00:00:01
1 2 3
4 5 6
7 8 9

00:00:02
1 2 3
4 5 6
7 8 9

00:00:00
1 2 3
4 5 6
7 8 9

00:00:01
1 2 3
4 5 6
7 8 9

00:00:02
1 2 3
4 5 6
7 8 9

00:00:00
1 2 3
4 5 6
7 8 9

00:00:01
1 2 3
4 5 6
7 8 9

00:00:02
1 2 3
4 5 6
7 8 9

00:00:00
1 2 3
4 5 6
7 8 9

00:00:01
1 2 3
4 5 6
7 8 9

00:00:02
1 2 3
4 5 6
7 8 9

00:00:00
1 2 3
4 5 6
7 8 9

00:00:01
1 2 3
4 5 6
7 8 9

00:00:02
1 2 3
4 5 6
7 8 9

00:00:00
1 2 3
4 5 6
7 8 9

00:00:01
1 2 3
4 5 6
7 8 9

00:00:02
1 2 3
4 5 6
7 8 9

00:00:00
1 2 3
4 5 6
7 8 9

00:00:01
1 2 3
4 5 6
7 8 9

00:00:02
1 2 3
4 5 6
7 8 9

00:00:00
1 2 3
4 5 6
7 8 9

00:00:01
1 2 3
4 5 6
7 8 9

00:00:02
1 2 3
4 5 6
7 8 9

00:00:00
1 2 3
4 5 6
7 8 9

00:00:01
1 2 3
4 5 6
7 8 9

00:00:02
1 2 3
4 5 6
7 8 9

00:00:00
1 2 3
4 5 6
7 8 9

00:00:01
1 2 3
4 5 6
7 8 9

00:00:02
1 2 3
4 5 6
7 8 9

00:00:00
1 2 3
4 5 6
7 8 9

00:00:01
1 2 3
4 5 6
7 8 9

00:00:02
1 2 3
4 5 6
7 8 9

00:00:00
1 2 3
4 5 6
7 8 9

00:00:01
1 2 3
4 5 6
7 8 9

00:00:02
1 2 3
4 5 6
7 8 9

00:00:00
1 2 3
4 5 6
7 8 9

00:00:01
1 2 3
4 5 6
7 8 9

00:00:02
1 2 3
4 5 6
7 8 9

00:00:00
1 2 3
4 5 6
7 8 9

00:00:01
1 2 3
4 5 6
7 8 9

00:00:02
1 2 3
4 5 6
7 8 9

00:00:00
1 2 3
4 5 6
7 8 9

00:00:01
1 2 3
4 5 6
7 8 9

00:00:02
1 2 3
4 5 6
7 8 9

00:00:00
1 2 3
4 5 6
7 8 9

00:00:01
1 2 3
4 5 6
7 8 9

00:00:02
1 2 3
4 5 6
7 8 9

00:00:00
1 2 3
4 5 6
7 8 9

00:00:01
1 2 3
4 5 6
7 8 9

00:00:02
1 2 3
4 5 6
7 8 9

00:00:00
1 2 3
4 5 6
7 8 9

00:00:01
1 2 3
4 5 6
7 8 9

00:00:02
1 2 3
4 5 6
7 8 9

00:00:00
1 2 3
4 5 6
7 8 9

00:00:01
1 2 3
4 5 6
7 8 9

00:00:02
1 2 3
4 5 6
7 8 9

00:00:00
1 2 3
4 5 6
7 8 9

00:00:01
1 2 3
4 5 6
7 8 9

00:00:02
1 2 3
4 5 6
7 8 9

00:00:00
1 2 3
4 5 6
7 8 9

00:00:01
1 2 3
4 5 6
7 8 9

00:00:02
1 2 3
4 5 6
7 8 9

00:00:00
1 2 3
4 5 6
7 8 9

00:00:01
1 2 3
4 5 6
7 8 9

00:00:02
1 2 3
4 5 6
7 8 9

00:00:00
9 8 7
6 5 4
3 2 1

00:00:01
9 8 7
6 5 4
3 2 1

00:00:02
9 8 7
6 5 4
3 2 1

00:00:00
9 8 7
6 5 4
3 2 1

00:00:01
9 8 7
6 5 4
3 2 1

00:00:02
9 8 7
6 5 4
3 2 1

00:00:00
9 8 7
6 5 4
3 2 1

00:00:01
9 8 7
6 5 4
3 2 1

00:00:02
9 8 7
6 5 4
3 2 1

00:00:00
9 8 7
6 5 4
3 2 1

00:00:01
9 8 7
6 5 4
3 2 1

00:00:02
9 8 7
6 5 4
3 2 1

00:00:00
9 8 7
6 5 4
3 2 1

00:00:01
9 8 7
6 5 4
3 2 1

00:00:02
9 8 7
6 5 4
3 2 1

00:00:00
9 8 7
6 5 4
3 2 1

00:00:01
9 8 7
6 5 4
3 2 1

00:00:02
9 8 7
6 5 4
3 2 1

00:00:00
9 8 7
6 5 4
3 2 1

00:00:01
9 8 7
6 5 4
3 2 1

00:00:02
9 8 7
6 5 4
3 2 1

00:00:00
9 8 7
6 5 4
3 2 1

00:00:01
9 8 7
6 5 4
3 2 1

00:00:02
9 8 7
6 5 4
3 2 1

00:00:00
9 8 7
6 5 4
3 2 1

00:00:01
9 8 7
6 5 4
3 2 1

00:00:02
9 8 7
6 5 4
3 2 1

00:00:00
9 8 7
6 5 4
3 2 1

00:00:01
9 8 7
6 5 4
3 2 1

00:00:02
9 8 7
6 5 4
3 2 1

00:00:00
9 8 7
6 5 4
3 2 1

00:00:01
9 8 7
6 5 4
3 2 1

00:00:02
9 8 7
6 5 4
3 2 1

00:00:00
9 8 7
6 5 4
3 2 1

00:00:01
9 8 7
6 5 4
3 2 1

00:00:02
9 8 7
6 5 4
3 2 1

00:00:00
9 8 7
6 5 4
3 2 1

00:00:01
9 8 7
6 5 4
3 2 1

00:00:02
9 8 7
6 5 4
3 2 1

00:00:00
9 8 7
6 5 4
3 2 10

00:00:01
9 8 7
20 5 4
3 2 1

00:00:02
9 8 7
6 30 4
3 2 1

00:00:00
9 8 7
6 5 4
3 2 10

00:00:01
9 8 7
20 5 4
3 2 1

00:00:02
9 8 7
6 30 4
3 2 1